7
54
372
839
529
924
444
365
723
773
556
464
318
569
872
556
945
259
581
436
568
760
553
249
229
371
848
387
774
149
914
676
127
712
304
567
664
290
964
324
926
190
823
338
804
440
936
109
667
474
760
399
299
274
149
811
26
592
250
353
233
924
402
721
660
964
829
750
979
601
806
971
158
503
930
550
302
886
323
576
733
172
960
25
697
704
590
595
608
698
204
942
576
214
191
395
607
171
957
297
725
206
414
943
613
277
794
757
804
89
704
345
782
754
393
840
535
177
551
995
218
887
636
653
611
459
331
124
944
894
443
868
623
937
461
211
451
600
680
913
196
384
644
258
789
795
453
903
630
774
536
968
728
881
572
251
495
446
316
540
322
540
781
609
452
597
904
332
336
903
505
450
437
518
363
217
227
546
555
971
733
596
735
838
760
357
337
356
895
572
939
399
777
982
481
189
673
630
573
57
349
723
197
696
513
391
459
933
980
651
621
747
537
611
728
734
769
733
349
357
700
440
947
942
955
254
686
116
995
568
142
393
444
299
948
939
650
717
239
718
537
709
550
222
993
464
306
876
769
424
214
455
327
647
321
225
792
24
771
562
136
933
607
638
146
814
215
493
874
978
537
966
195
924
841
870
240
882
957
355
968
695
21
311
786
752
510
927
136
701
625
790
392
986
664
382
615
963
943
759
340
275
520
445